2 1 0 开始游戏
0 0 0 第一章
1 0 0 故事发生在边陲小镇一隅的一个不起眼酒吧。
1 0 0 入夜了，酒吧里灯光昏暗，几乎没有客人。
1 0 0 随着瓦尔特·杨消失在光芒之中，小镇在一瞬间黯淡下来。
1 0 0 小镇恢复了往日的静谧，老杨的酒吧敞开着门，里面空无一人。
0 0 0 游戏结束
2 1 0 沉默
2 1 0 给他一杯啤酒
1 0 0 我给李卓航点了一杯啤酒。
1 0 0 谢谢，伙计！（接过啤酒）嘿，你是新来的！
2 1 0 沉默
2 1 0 给他一杯啤酒
1 0 0 我保持了沉默。
1 0 0 算了吧，洪海宽，谁都知道得对你多加提防！
1 0 0 故事发生在边陲小镇一隅的一个不起眼酒吧。
1 0 0 入夜了，酒吧里灯光昏暗，几乎没有客人。
1 0 0 随着瓦尔特·杨消失在光芒之中，小镇在一瞬间黯淡下来。
1 0 0 小镇恢复了往日的静谧，老杨的酒吧敞开着门，里面空无一人。
0 0 0 游戏结束
1 0 0 故事发生在边陲小镇一隅的一个不起眼酒吧。
1 0 0 入夜了，酒吧里灯光昏暗，几乎没有客人。
1 0 0 随着瓦尔特·杨消失在光芒之中，小镇在一瞬间黯淡下来。
1 0 0 小镇恢复了往日的静谧，老杨的酒吧敞开着门，里面空无一人。
0 0 0 游戏结束
1 0 0 故事发生在边陲小镇一隅的一个不起眼酒吧。
1 0 0 入夜了，酒吧里灯光昏暗，几乎没有客人。
1 0 0 随着瓦尔特·杨消失在光芒之中，小镇在一瞬间黯淡下来。
1 0 0 小镇恢复了往日的静谧，老杨的酒吧敞开着门，里面空无一人。
0 0 0 游戏结束
1 0 0 故事发生在边陲小镇一隅的一个不起眼酒吧。
1 0 0 入夜了，酒吧里灯光昏暗，几乎没有客人。
1 0 0 随着瓦尔特·杨消失在光芒之中，小镇在一瞬间黯淡下来。
1 0 0 小镇恢复了往日的静谧，老杨的酒吧敞开着门，里面空无一人。
0 0 0 游戏结束